100
227
13
100
0 1
0 4
0 6
0 14
0 16
0 27
0 36
0 42
0 46
0 48
0 62
0 74
0 89
1 39
1 63
1 90
1 91
2 43
2 64
2 92
3 45
3 62
3 86
4 35
4 47
4 53
4 70
4 75
5 9
5 27
5 58
5 61
5 69
5 76
6 37
7 11
7 16
7 50
8 71
9 20
9 72
11 28
11 49
11 77
11 81
12 36
12 53
12 87
13 30
13 47
13 55
13 61
14 21
14 22
14 47
14 50
14 96
15 26
15 81
16 39
16 71
16 81
16 88
16 96
17 57
17 86
17 93
18 22
18 58
19 32
19 79
20 42
20 48
20 66
21 27
22 27
22 51
23 54
23 71
24 45
24 49
24 58
24 60
24 76
24 79
25 42
25 55
25 72
25 79
25 81
25 84
25 89
26 27
26 55
26 57
27 63
27 67
27 72
27 91
27 99
28 37
28 49
28 50
28 84
28 85
28 96
29 30
29 44
29 45
29 46
29 49
29 62
30 44
30 53
30 82
31 67
31 81
32 44
32 73
32 77
32 78
33 39
33 40
33 48
33 64
33 65
33 68
33 76
35 47
35 78
36 41
36 66
37 39
37 69
37 78
37 84
37 87
38 48
38 51
38 54
38 87
39 70
39 81
39 89
39 94
41 62
41 83
41 89
41 96
42 80
42 85
43 59
43 94
44 45
44 62
45 51
45 95
45 99
46 60
46 71
46 78
46 86
46 96
47 67
48 56
48 73
48 74
49 63
49 70
49 75
49 83
50 52
50 74
51 62
51 85
51 97
52 54
53 57
53 59
54 57
54 58
54 65
54 97
55 61
55 69
55 71
55 82
57 66
57 81
57 85
57 91
57 97
58 90
58 94
59 86
59 98
60 77
62 64
62 67
62 82
63 70
64 82
64 86
66 73
68 82
69 96
70 84
71 75
71 82
71 93
72 73
73 86
74 83
76 81
77 82
77 96
78 92
81 83
81 99
82 91
83 84
83 97
86 93
90 98
95 98
0
1
2
3
4
5
6
7
8
9
10
11
12
13
14
15
16
17
18
19
20
21
22
23
24
25
26
27
28
29
30
31
32
33
34
35
36
37
38
39
40
41
42
43
44
45
46
47
48
49
50
51
52
53
54
55
56
57
58
59
60
61
62
63
64
65
66
67
68
69
70
71
72
73
74
75
76
77
78
79
80
81
82
83
84
85
86
87
88
89
90
91
92
93
94
95
96
97
98
99
