250
576
10
250
0 16
0 49
0 78
0 128
0 192
0 224
1 34
1 125
1 141
1 152
2 140
2 155
2 161
2 244
3 152
3 166
3 170
4 23
4 52
4 93
4 149
4 210
5 35
5 148
5 197
5 212
5 221
5 249
6 40
6 201
6 202
6 207
6 226
6 249
7 189
7 214
7 235
7 248
8 149
8 247
9 100
9 182
9 187
10 61
10 66
10 68
10 70
10 92
10 191
10 192
10 207
10 228
10 238
11 83
11 116
11 186
12 36
12 157
12 177
12 183
12 228
12 240
13 118
13 123
13 151
13 153
13 156
13 171
13 210
13 242
14 27
14 120
14 199
14 232
14 241
15 73
15 128
16 70
16 155
16 245
17 51
17 175
18 81
18 119
18 204
18 218
18 220
19 23
19 34
19 47
19 51
19 54
19 72
19 125
19 173
19 200
19 240
20 54
20 55
20 115
20 180
21 56
21 100
21 169
21 209
22 71
22 96
22 123
22 150
22 155
22 208
23 142
23 228
24 152
24 166
25 157
25 174
25 175
25 219
26 141
26 171
26 180
26 216
26 224
26 249
27 41
27 62
27 77
27 185
27 196
27 209
27 217
28 112
28 152
28 211
29 133
29 135
29 144
29 216
30 82
30 134
30 219
31 67
31 88
31 107
31 118
31 140
31 162
31 187
32 123
32 139
33 80
33 132
33 201
33 214
33 217
34 68
34 222
34 230
35 44
35 115
35 145
35 236
36 56
36 152
36 164
36 182
36 185
36 249
37 95
37 125
37 134
37 178
37 210
38 57
38 97
39 88
40 65
40 98
40 114
40 119
40 229
41 59
41 63
41 148
41 159
41 179
42 99
42 115
42 121
42 181
42 234
43 79
43 97
43 167
43 184
43 206
43 211
43 218
43 228
44 84
44 103
44 211
45 49
45 53
45 227
46 52
46 74
46 174
47 105
47 134
47 203
47 231
48 57
48 136
48 238
49 61
49 154
49 184
49 212
49 217
50 148
50 220
51 90
51 150
53 60
53 97
53 156
53 234
54 59
54 101
54 176
55 59
55 64
55 144
55 162
56 138
56 175
56 193
56 224
56 230
57 215
57 218
58 64
58 78
58 88
58 89
59 122
59 213
60 61
60 164
60 194
61 83
62 72
62 107
62 176
62 209
63 141
63 188
63 221
64 170
64 187
65 80
65 165
66 191
66 230
67 166
67 216
67 229
68 162
68 206
69 168
69 196
70 78
70 83
70 135
70 144
70 227
70 230
71 104
71 166
73 85
73 181
73 189
74 210
76 124
76 154
76 182
76 211
76 241
77 121
77 124
77 152
77 154
77 171
77 191
79 92
79 95
79 138
79 147
80 92
80 129
80 142
81 149
81 183
81 239
82 159
83 145
83 150
83 166
83 184
83 189
84 99
84 135
84 155
84 170
85 219
85 223
86 121
86 187
86 243
87 237
87 238
88 142
88 143
88 170
88 197
89 112
89 119
89 126
91 107
91 133
91 248
92 161
92 169
93 96
93 113
93 121
93 186
93 220
93 247
94 96
94 133
94 137
94 221
95 110
95 174
95 247
96 97
96 226
96 227
97 133
98 128
98 231
99 110
99 142
99 155
99 184
99 187
99 202
99 223
99 244
100 129
100 131
100 221
100 227
101 112
101 118
101 130
101 220
102 127
102 209
102 221
103 167
103 186
103 187
104 154
104 234
105 121
106 124
106 136
106 169
106 186
106 187
106 233
107 135
107 145
107 154
107 210
107 222
108 116
108 248
109 128
109 203
109 225
110 153
110 157
110 220
111 125
111 214
112 125
112 165
112 227
113 131
113 137
113 147
113 230
114 147
114 149
114 166
114 188
114 194
115 120
115 135
115 136
115 145
115 160
116 208
116 230
117 152
117 190
117 247
119 169
119 192
119 228
119 229
120 161
120 192
120 201
120 204
120 215
121 143
122 159
122 215
123 236
124 126
124 134
124 174
124 186
124 211
125 132
125 167
126 208
126 211
127 159
127 197
128 156
128 220
129 233
130 144
130 172
131 139
132 161
132 181
133 145
133 227
133 243
134 166
134 246
135 176
137 150
137 151
137 152
139 170
139 200
140 188
140 214
140 234
141 163
142 175
142 189
142 198
143 169
144 180
144 227
144 237
144 240
144 248
145 199
146 154
147 183
147 223
147 234
148 180
148 221
149 186
149 216
150 153
150 219
151 212
151 229
152 159
153 234
154 193
155 195
155 239
156 158
156 170
157 160
157 207
157 210
157 222
158 209
159 225
159 227
160 228
162 206
162 211
163 199
164 189
165 196
165 210
167 170
167 171
168 181
168 218
168 235
169 182
169 231
171 181
171 183
172 205
172 218
173 205
173 226
174 241
176 225
179 186
179 191
179 193
179 230
180 235
182 209
184 204
184 214
185 200
185 226
186 223
187 193
188 223
192 240
193 238
194 227
195 199
195 219
198 204
198 236
198 240
199 226
199 229
200 203
200 214
200 244
201 226
203 226
203 229
203 241
205 214
206 215
206 223
206 231
207 213
209 248
210 236
211 214
212 236
214 217
214 225
216 244
217 231
223 231
224 228
227 230
231 236
239 249
0
1
2
3
4
5
6
7
8
9
10
11
12
13
14
15
16
17
18
19
20
21
22
23
24
25
26
27
28
29
30
31
32
33
34
35
36
37
38
39
40
41
42
43
44
45
46
47
48
49
50
51
52
53
54
55
56
57
58
59
60
61
62
63
64
65
66
67
68
69
70
71
72
73
74
75
76
77
78
79
80
81
82
83
84
85
86
87
88
89
90
91
92
93
94
95
96
97
98
99
100
101
102
103
104
105
106
107
108
109
110
111
112
113
114
115
116
117
118
119
120
121
122
123
124
125
126
127
128
129
130
131
132
133
134
135
136
137
138
139
140
141
142
143
144
145
146
147
148
149
150
151
152
153
154
155
156
157
158
159
160
161
162
163
164
165
166
167
168
169
170
171
172
173
174
175
176
177
178
179
180
181
182
183
184
185
186
187
188
189
190
191
192
193
194
195
196
197
198
199
200
201
202
203
204
205
206
207
208
209
210
211
212
213
214
215
216
217
218
219
220
221
222
223
224
225
226
227
228
229
230
231
232
233
234
235
236
237
238
239
240
241
242
243
244
245
246
247
248
249
