1000
2166
11
1000
0 308
0 316
0 339
0 372
0 706
0 764
0 877
1 318
1 549
1 732
1 757
1 800
1 847
1 934
2 14
2 65
2 146
2 563
2 636
2 693
2 947
3 982
4 283
4 312
4 375
5 445
5 709
5 837
6 648
6 862
6 873
7 318
7 505
7 545
7 784
7 833
7 867
8 13
8 36
8 101
8 162
8 378
8 399
8 449
8 524
8 641
8 757
8 994
9 284
9 360
9 389
9 507
9 864
9 977
10 331
10 616
10 781
10 794
10 843
10 970
11 123
11 288
11 383
11 633
11 984
12 454
13 54
13 120
13 208
13 216
13 282
13 286
13 316
13 603
14 237
14 297
14 382
14 855
14 950
15 279
15 407
15 488
15 700
16 327
16 547
16 644
16 842
18 221
18 639
18 797
19 313
19 470
19 741
19 786
20 176
20 208
20 301
20 317
20 384
20 970
21 335
21 547
21 557
21 928
21 986
22 332
22 789
22 996
23 189
23 340
23 421
23 445
23 571
23 651
23 852
23 931
24 135
24 185
24 270
24 735
25 293
25 318
25 946
26 352
27 460
27 599
27 707
27 797
28 78
28 321
28 456
28 609
28 685
28 761
29 55
29 226
29 368
29 369
29 863
30 135
30 136
30 550
30 597
30 643
30 754
30 884
30 964
31 157
31 420
32 369
32 559
32 616
32 897
33 266
33 268
33 328
33 373
33 871
33 909
34 382
35 797
36 103
36 165
36 373
36 479
36 624
36 776
37 89
37 729
38 107
38 146
38 168
38 403
38 415
38 770
38 785
38 935
38 945
38 984
39 115
39 421
39 525
40 320
40 352
40 880
40 910
40 911
41 121
41 174
41 228
41 365
41 942
41 990
42 185
42 356
42 416
42 648
43 137
43 163
43 311
43 615
43 808
43 981
44 142
44 204
44 675
44 845
45 519
45 973
46 873
47 74
47 185
47 557
47 845
47 852
47 896
47 928
48 333
48 574
48 714
49 415
49 992
50 362
50 600
50 706
51 134
51 169
51 226
51 249
51 391
51 782
51 854
51 873
51 983
52 464
52 479
52 788
52 946
53 78
53 658
54 803
54 890
54 992
55 63
55 79
55 208
55 553
55 887
55 889
56 596
57 288
57 454
57 474
57 532
57 719
57 963
58 78
58 204
58 741
58 919
59 137
59 301
59 494
59 530
59 604
59 611
60 93
60 111
60 188
60 382
60 576
60 930
61 160
61 356
61 512
61 683
62 228
62 501
62 551
62 605
62 687
62 716
63 519
63 611
63 714
63 944
64 359
64 480
64 753
64 858
65 293
65 938
66 130
66 156
66 188
66 328
66 340
66 681
66 748
66 750
66 795
67 221
68 80
68 155
68 437
68 537
68 552
68 566
68 673
68 885
69 213
69 438
69 597
69 650
69 910
71 205
71 288
71 356
71 490
71 708
71 726
71 791
71 909
72 334
72 833
72 850
72 964
73 136
73 167
74 533
74 829
74 836
75 363
75 900
76 301
77 315
78 135
78 571
78 603
78 653
78 901
79 142
79 172
79 858
80 302
80 490
80 818
80 843
81 106
81 562
81 732
81 750
81 835
82 325
82 480
82 511
82 894
82 982
84 467
85 123
85 503
85 618
85 681
85 695
85 904
85 983
85 995
85 998
86 293
86 377
86 544
86 731
87 238
87 396
87 586
87 818
87 907
87 957
88 317
88 457
88 510
88 670
88 696
88 799
89 283
89 808
90 409
90 564
90 567
90 843
91 169
91 195
91 287
91 400
91 542
91 873
92 213
92 280
92 440
92 715
93 427
93 451
93 525
93 720
94 100
94 502
94 566
94 783
95 179
95 256
95 311
96 159
96 707
96 879
96 897
97 98
97 435
97 445
97 482
97 533
98 132
98 234
98 529
99 520
99 622
99 868
99 980
100 320
100 441
100 494
100 509
100 537
100 732
100 812
101 147
101 558
101 715
102 196
102 198
102 226
102 511
102 836
102 846
102 973
103 267
103 568
103 966
104 711
104 958
105 273
105 890
106 381
106 579
106 661
106 789
107 633
107 660
107 860
107 869
108 567
108 592
109 473
109 655
109 702
109 808
110 794
111 633
112 998
113 699
114 487
114 712
114 781
114 854
114 940
115 204
115 261
115 399
115 488
116 268
116 307
116 417
116 586
118 292
118 474
118 572
119 120
119 373
119 585
119 760
119 833
120 193
120 573
120 588
120 803
121 460
121 557
121 788
121 797
121 903
121 957
122 389
122 523
122 759
123 271
123 774
123 800
123 802
124 513
124 644
124 875
124 918
124 979
125 591
125 693
125 879
125 951
126 313
127 589
128 148
128 204
128 405
128 528
128 719
129 353
129 628
129 708
129 755
129 810
129 894
129 983
130 227
130 758
131 167
131 242
131 300
131 488
131 629
132 629
133 710
134 245
134 331
134 421
134 670
134 917
135 274
135 334
135 483
135 760
135 773
135 891
136 318
136 524
136 615
136 687
136 746
137 782
138 167
138 291
138 439
138 828
138 873
140 496
140 787
141 551
141 884
142 431
142 718
142 940
143 600
143 725
145 157
145 291
145 491
145 625
145 708
146 202
146 623
146 655
146 945
147 333
147 370
147 779
147 941
148 413
148 718
148 874
149 367
149 624
150 414
150 534
150 719
150 799
151 273
151 412
151 474
151 484
151 576
151 603
151 978
152 547
152 947
152 994
153 499
153 777
154 242
154 363
154 479
154 991
155 187
155 197
155 790
156 309
156 571
156 711
156 724
156 859
156 880
156 916
157 202
157 348
157 466
157 671
158 178
158 378
158 504
158 561
158 981
159 359
159 449
159 673
160 249
160 627
160 722
160 966
161 463
161 604
161 759
161 867
161 995
163 192
163 244
163 326
163 427
163 478
163 908
163 949
164 413
164 764
165 452
165 962
167 387
168 332
168 696
168 701
169 297
169 764
169 781
170 208
170 295
170 319
170 567
170 687
171 369
171 513
171 534
172 823
173 481
173 483
174 192
174 231
174 263
174 294
174 680
174 703
174 979
175 205
175 503
175 724
175 869
175 947
175 973
176 387
176 433
176 520
176 727
176 817
176 891
177 241
178 208
178 248
178 258
178 482
178 730
178 984
179 359
180 463
180 465
180 686
180 930
181 213
181 273
181 311
181 459
181 935
182 270
182 443
182 654
182 675
182 702
182 863
183 935
183 972
184 870
184 881
185 535
185 617
185 884
186 287
186 599
186 789
186 888
187 464
188 414
188 591
188 643
189 229
189 337
189 342
189 345
190 250
190 323
190 523
191 205
191 561
191 857
192 200
192 519
192 586
192 719
192 896
192 908
193 644
193 909
194 345
194 409
194 560
195 543
196 342
197 756
197 858
197 943
198 426
198 799
198 890
199 241
199 306
199 521
199 957
200 210
200 288
200 343
200 369
200 675
200 965
201 610
202 330
202 338
202 368
202 789
202 998
204 338
204 492
205 663
205 808
205 828
206 513
207 581
207 752
207 810
208 332
208 643
208 719
208 905
208 973
209 245
209 386
209 958
209 982
211 266
211 280
211 675
211 804
212 260
212 525
213 252
213 405
213 595
213 780
214 422
214 612
216 257
216 601
217 789
218 286
218 290
218 375
218 735
218 829
219 275
219 803
219 902
220 381
220 615
220 690
220 757
220 905
220 935
221 253
221 767
221 821
221 858
221 889
222 240
222 302
222 476
222 636
223 296
223 406
223 437
223 483
223 705
224 472
224 832
224 853
225 603
226 347
226 451
226 982
227 265
227 426
227 893
227 969
228 260
228 566
228 614
228 807
229 640
230 246
230 401
230 407
230 435
230 440
230 966
231 524
231 610
231 777
232 276
232 979
233 509
233 595
233 632
234 581
234 623
235 280
235 557
235 780
235 784
236 385
236 492
236 510
236 634
236 759
236 913
236 929
237 562
237 795
238 357
238 559
238 689
238 876
239 254
239 844
240 532
240 846
241 281
242 686
242 783
242 931
242 951
243 280
243 470
243 622
243 944
244 803
245 441
245 916
246 536
246 677
246 862
247 665
247 732
247 773
248 379
248 387
248 585
248 656
248 684
248 962
249 343
249 462
250 257
250 469
250 501
250 576
250 700
251 516
251 876
251 956
251 980
252 422
252 877
252 942
253 316
253 345
253 743
253 974
254 764
254 823
255 543
255 622
256 592
256 996
257 627
257 747
258 331
258 720
258 760
259 404
259 432
259 656
259 793
259 956
260 807
261 527
261 797
261 841
261 896
262 385
262 443
262 450
262 633
262 735
262 752
263 315
263 435
263 461
263 519
263 823
264 272
264 365
264 375
264 527
264 588
264 658
265 784
265 882
265 985
266 477
266 772
266 977
267 517
267 787
268 725
269 398
270 288
270 484
270 684
270 989
272 378
272 577
273 320
273 850
273 959
273 990
274 295
274 567
275 621
275 631
275 819
275 913
276 362
276 602
277 307
277 309
277 430
277 549
277 590
277 722
278 324
278 466
278 683
278 986
279 355
279 372
279 758
280 312
280 383
280 560
280 617
280 761
281 384
281 523
281 680
281 800
282 302
282 423
282 947
283 472
283 494
283 916
284 534
285 828
285 993
286 473
286 954
287 312
287 316
287 448
287 537
287 692
287 973
288 596
288 802
288 818
288 888
288 899
289 560
289 889
290 319
290 753
291 863
291 943
292 451
292 758
292 885
292 959
293 546
294 731
294 828
294 904
295 509
296 301
296 540
296 782
296 999
297 337
297 573
297 762
297 940
298 800
298 920
298 927
299 360
299 452
299 465
300 490
301 405
301 412
301 715
301 889
302 525
302 754
303 702
303 874
303 999
304 351
304 469
304 682
304 843
305 335
305 350
305 453
305 508
305 905
306 362
306 476
306 745
307 837
307 839
307 966
308 322
308 588
309 626
310 867
311 329
311 655
311 707
311 756
311 975
312 361
312 479
312 631
312 897
313 986
314 559
314 819
314 846
314 974
315 344
315 459
315 549
315 894
316 340
316 536
316 682
316 853
317 475
317 676
317 807
317 814
317 822
317 840
317 893
317 906
318 938
319 357
319 454
319 545
319 893
320 371
321 330
321 694
321 713
322 357
322 979
323 506
323 525
323 880
324 790
324 846
324 981
324 989
325 529
325 985
326 371
326 656
326 778
326 812
326 860
327 971
328 665
329 337
329 553
329 838
330 353
330 443
330 573
330 623
330 628
330 830
330 917
331 362
331 656
332 370
332 393
332 650
332 673
332 808
332 871
333 551
333 568
333 835
334 377
334 440
334 501
334 714
334 805
334 870
335 565
335 742
335 798
335 830
336 432
336 519
336 540
336 567
336 728
336 929
337 586
339 384
339 635
339 909
340 430
340 999
341 591
342 644
342 744
342 823
342 934
343 347
343 586
343 811
343 826
343 905
344 905
345 515
345 699
345 821
346 612
346 771
346 863
347 861
347 876
348 363
348 614
348 684
348 737
348 752
348 796
349 352
349 399
349 465
349 606
349 629
349 761
350 439
350 444
350 707
351 517
351 750
351 930
353 560
354 510
354 634
354 839
355 607
355 785
355 864
356 450
356 451
356 536
356 624
356 900
357 803
358 401
358 665
358 725
358 850
359 678
360 528
360 666
360 760
360 961
360 992
361 450
361 476
361 613
361 894
362 701
363 408
363 570
363 661
363 713
363 923
364 519
365 371
365 429
365 790
365 909
365 995
366 414
366 834
366 931
367 439
367 676
367 725
368 844
369 571
369 609
369 964
370 578
370 686
370 803
371 436
371 766
371 787
372 584
372 755
372 967
374 428
374 896
374 953
375 854
376 397
376 406
376 443
376 504
376 869
377 497
377 679
377 780
377 849
377 890
378 991
379 397
379 458
379 478
379 531
379 685
379 719
379 775
379 881
379 986
380 479
380 792
380 823
380 830
381 406
381 566
381 588
381 942
382 501
383 608
383 927
385 566
385 780
385 854
386 544
386 663
386 756
386 911
387 475
387 751
387 842
387 959
387 960
388 461
388 553
388 573
388 812
388 843
389 480
389 868
390 842
390 890
390 923
390 984
391 795
391 871
391 891
392 610
392 770
393 403
393 544
393 876
393 976
394 585
394 641
395 442
395 740
396 535
396 590
396 669
397 402
397 682
397 953
398 408
398 409
399 407
399 547
399 689
399 905
400 879
400 888
402 723
402 732
402 984
404 520
404 635
404 775
404 850
404 863
404 998
405 576
406 876
406 917
406 953
407 972
407 985
408 710
408 738
408 899
409 507
409 798
410 797
410 888
410 991
411 612
412 492
412 514
412 698
413 465
413 474
413 975
414 432
414 443
414 836
416 635
416 684
416 748
416 900
417 769
418 437
419 642
419 700
419 751
420 587
420 609
420 682
420 737
420 826
421 755
421 939
421 952
423 552
423 803
423 988
424 677
424 693
424 736
424 911
426 735
426 875
428 728
429 614
429 745
429 823
429 907
429 915
430 431
430 638
430 639
430 837
430 874
430 974
430 983
431 566
432 754
432 846
433 464
433 555
433 577
434 516
434 559
434 628
435 496
435 509
435 753
435 840
435 970
436 699
437 513
437 823
438 896
440 451
440 528
440 663
440 861
441 793
441 843
441 879
441 953
442 849
443 953
444 508
444 708
445 890
445 980
446 755
446 792
447 532
447 764
447 886
448 891
448 948
449 618
449 886
450 683
451 970
451 994
451 996
452 866
452 898
453 478
453 742
453 757
454 493
454 556
454 614
455 883
455 905
455 968
456 947
456 987
457 530
457 551
458 563
458 581
458 738
458 913
459 614
459 747
459 943
460 601
460 875
461 497
461 507
461 715
461 925
462 519
462 609
462 765
463 523
463 752
463 963
464 650
465 764
466 700
467 526
467 570
467 749
467 869
468 563
468 734
468 966
469 518
469 576
470 480
470 505
470 750
470 846
471 641
471 859
472 551
472 699
472 755
473 795
474 562
474 698
474 845
474 878
475 536
475 722
476 555
476 585
476 713
476 832
477 494
477 538
478 697
478 825
478 830
478 856
478 859
478 903
478 964
479 532
479 585
479 733
480 663
480 731
480 955
481 769
481 863
482 799
483 756
484 660
484 927
485 890
487 777
487 887
489 510
489 651
490 491
490 741
490 870
491 603
491 625
491 711
492 535
492 736
492 928
493 606
493 953
494 578
494 831
494 851
494 898
494 917
495 618
495 752
495 822
496 576
496 604
497 915
498 925
499 906
501 590
502 527
502 534
502 636
502 867
502 958
505 534
505 641
505 907
507 591
507 901
508 661
508 860
509 782
509 849
509 937
509 968
510 868
510 882
510 890
511 678
511 883
511 914
512 644
512 657
512 738
513 548
513 691
513 797
513 882
514 769
514 905
514 994
516 675
517 521
517 775
518 685
518 983
519 574
519 926
520 703
520 785
520 952
520 959
520 986
521 552
521 639
521 870
521 999
522 935
523 841
523 881
523 888
524 630
524 781
525 561
525 574
527 585
527 709
528 850
528 918
529 676
529 786
529 925
530 882
531 617
532 638
532 858
533 850
533 967
534 686
534 839
534 844
535 741
535 829
535 852
536 671
537 776
538 615
538 904
539 878
539 941
539 946
540 680
540 785
543 641
543 959
545 591
546 593
547 553
547 726
547 909
547 965
548 722
548 865
549 585
549 868
550 573
551 678
551 741
552 619
552 649
553 769
553 991
554 705
555 707
555 724
555 866
556 570
556 872
557 744
557 877
557 904
558 584
558 772
558 828
559 698
559 723
560 796
560 970
561 760
561 885
562 682
562 751
563 675
563 788
564 730
564 939
566 758
566 792
567 607
567 747
567 774
567 880
567 928
568 798
568 849
569 584
569 600
569 717
569 830
570 898
571 597
571 609
571 750
573 640
573 891
574 667
574 835
575 809
575 843
576 869
577 936
578 942
579 655
579 817
579 839
579 943
579 970
580 675
580 905
580 936
581 584
582 679
583 711
583 844
583 900
583 979
583 982
585 716
586 747
586 880
588 887
588 991
589 910
591 734
591 758
592 680
592 735
593 855
593 959
594 986
595 640
595 841
595 928
597 682
597 859
598 652
598 731
598 808
598 815
600 811
601 691
602 969
603 749
604 922
605 642
605 746
605 874
606 923
607 863
607 964
608 676
608 939
609 626
609 628
610 709
611 674
611 849
611 947
611 957
613 651
613 659
613 677
613 824
613 849
615 663
615 806
616 917
616 926
616 947
616 970
617 742
617 864
617 912
617 982
618 675
618 819
619 732
619 774
619 936
619 989
620 656
621 728
621 857
622 752
623 997
624 642
624 858
624 883
625 769
625 828
625 874
626 935
627 761
627 827
627 910
628 776
629 656
630 884
630 901
632 699
632 812
632 824
632 850
632 885
633 689
634 852
635 694
635 750
635 798
635 888
636 704
636 876
638 655
638 712
638 837
638 966
639 783
640 664
640 756
640 936
640 942
642 766
643 737
643 849
643 929
644 714
645 808
645 897
645 993
646 760
646 849
646 869
646 893
647 985
648 723
648 955
648 994
649 761
649 773
650 737
650 751
651 895
651 947
651 964
652 669
652 679
652 957
653 747
653 948
654 767
655 669
655 736
655 764
655 871
656 664
658 670
658 806
658 809
659 796
659 972
662 949
662 978
663 827
663 854
663 884
664 836
665 925
665 986
667 875
667 997
668 969
671 949
671 994
672 773
672 823
672 869
673 925
673 975
674 746
675 851
676 807
676 962
677 919
678 840
680 954
684 826
685 837
685 950
685 953
688 883
688 898
689 710
689 840
689 867
690 703
690 834
691 733
693 816
694 762
694 883
694 971
695 741
697 727
697 812
697 897
697 899
698 905
700 784
700 929
700 931
701 760
702 742
704 715
707 771
707 827
708 856
710 751
713 716
713 788
714 881
714 981
715 988
716 761
716 907
717 931
717 993
720 758
721 995
722 950
724 805
725 917
726 837
727 898
727 903
728 798
728 887
729 771
729 837
729 998
731 817
731 869
731 880
731 960
732 808
733 890
734 891
735 900
735 939
735 961
736 755
736 900
736 906
738 778
738 836
739 744
740 844
742 849
742 976
744 871
744 906
745 779
745 859
745 908
746 754
746 783
747 778
750 830
754 841
755 867
755 970
763 841
763 849
764 771
764 857
765 969
768 929
771 883
772 950
772 995
773 780
773 833
774 791
774 830
774 960
776 782
776 854
776 879
776 923
777 792
778 878
778 887
780 781
780 871
783 843
783 909
786 971
789 970
790 872
791 935
791 939
791 969
791 986
792 893
793 912
793 973
794 966
795 808
795 883
797 947
801 940
802 821
805 831
805 847
811 901
812 877
813 945
814 853
818 848
818 951
819 971
821 885
821 893
823 870
823 906
823 987
824 828
826 835
827 941
828 883
829 896
829 951
829 982
830 983
831 905
831 936
833 857
833 981
835 840
835 967
835 980
835 995
836 875
837 908
839 915
840 884
841 994
844 857
844 944
848 986
852 892
854 945
860 933
862 902
863 890
864 898
867 977
874 883
874 899
874 968
875 948
877 921
877 978
882 900
885 958
887 962
888 899
889 893
889 930
890 901
894 897
897 911
907 989
912 975
913 948
917 992
921 994
923 935
924 929
925 949
930 947
930 966
933 946
941 955
943 975
950 971
955 983
957 988
972 980
975 980
994 999
995 997
0
1
2
3
4
5
6
7
8
9
10
11
12
13
14
15
16
17
18
19
20
21
22
23
24
25
26
27
28
29
30
31
32
33
34
35
36
37
38
39
40
41
42
43
44
45
46
47
48
49
50
51
52
53
54
55
56
57
58
59
60
61
62
63
64
65
66
67
68
69
70
71
72
73
74
75
76
77
78
79
80
81
82
83
84
85
86
87
88
89
90
91
92
93
94
95
96
97
98
99
100
101
102
103
104
105
106
107
108
109
110
111
112
113
114
115
116
117
118
119
120
121
122
123
124
125
126
127
128
129
130
131
132
133
134
135
136
137
138
139
140
141
142
143
144
145
146
147
148
149
150
151
152
153
154
155
156
157
158
159
160
161
162
163
164
165
166
167
168
169
170
171
172
173
174
175
176
177
178
179
180
181
182
183
184
185
186
187
188
189
190
191
192
193
194
195
196
197
198
199
200
201
202
203
204
205
206
207
208
209
210
211
212
213
214
215
216
217
218
219
220
221
222
223
224
225
226
227
228
229
230
231
232
233
234
235
236
237
238
239
240
241
242
243
244
245
246
247
248
249
250
251
252
253
254
255
256
257
258
259
260
261
262
263
264
265
266
267
268
269
270
271
272
273
274
275
276
277
278
279
280
281
282
283
284
285
286
287
288
289
290
291
292
293
294
295
296
297
298
299
300
301
302
303
304
305
306
307
308
309
310
311
312
313
314
315
316
317
318
319
320
321
322
323
324
325
326
327
328
329
330
331
332
333
334
335
336
337
338
339
340
341
342
343
344
345
346
347
348
349
350
351
352
353
354
355
356
357
358
359
360
361
362
363
364
365
366
367
368
369
370
371
372
373
374
375
376
377
378
379
380
381
382
383
384
385
386
387
388
389
390
391
392
393
394
395
396
397
398
399
400
401
402
403
404
405
406
407
408
409
410
411
412
413
414
415
416
417
418
419
420
421
422
423
424
425
426
427
428
429
430
431
432
433
434
435
436
437
438
439
440
441
442
443
444
445
446
447
448
449
450
451
452
453
454
455
456
457
458
459
460
461
462
463
464
465
466
467
468
469
470
471
472
473
474
475
476
477
478
479
480
481
482
483
484
485
486
487
488
489
490
491
492
493
494
495
496
497
498
499
500
501
502
503
504
505
506
507
508
509
510
511
512
513
514
515
516
517
518
519
520
521
522
523
524
525
526
527
528
529
530
531
532
533
534
535
536
537
538
539
540
541
542
543
544
545
546
547
548
549
550
551
552
553
554
555
556
557
558
559
560
561
562
563
564
565
566
567
568
569
570
571
572
573
574
575
576
577
578
579
580
581
582
583
584
585
586
587
588
589
590
591
592
593
594
595
596
597
598
599
600
601
602
603
604
605
606
607
608
609
610
611
612
613
614
615
616
617
618
619
620
621
622
623
624
625
626
627
628
629
630
631
632
633
634
635
636
637
638
639
640
641
642
643
644
645
646
647
648
649
650
651
652
653
654
655
656
657
658
659
660
661
662
663
664
665
666
667
668
669
670
671
672
673
674
675
676
677
678
679
680
681
682
683
684
685
686
687
688
689
690
691
692
693
694
695
696
697
698
699
700
701
702
703
704
705
706
707
708
709
710
711
712
713
714
715
716
717
718
719
720
721
722
723
724
725
726
727
728
729
730
731
732
733
734
735
736
737
738
739
740
741
742
743
744
745
746
747
748
749
750
751
752
753
754
755
756
757
758
759
760
761
762
763
764
765
766
767
768
769
770
771
772
773
774
775
776
777
778
779
780
781
782
783
784
785
786
787
788
789
790
791
792
793
794
795
796
797
798
799
800
801
802
803
804
805
806
807
808
809
810
811
812
813
814
815
816
817
818
819
820
821
822
823
824
825
826
827
828
829
830
831
832
833
834
835
836
837
838
839
840
841
842
843
844
845
846
847
848
849
850
851
852
853
854
855
856
857
858
859
860
861
862
863
864
865
866
867
868
869
870
871
872
873
874
875
876
877
878
879
880
881
882
883
884
885
886
887
888
889
890
891
892
893
894
895
896
897
898
899
900
901
902
903
904
905
906
907
908
909
910
911
912
913
914
915
916
917
918
919
920
921
922
923
924
925
926
927
928
929
930
931
932
933
934
935
936
937
938
939
940
941
942
943
944
945
946
947
948
949
950
951
952
953
954
955
956
957
958
959
960
961
962
963
964
965
966
967
968
969
970
971
972
973
974
975
976
977
978
979
980
981
982
983
984
985
986
987
988
989
990
991
992
993
994
995
996
997
998
999
