250
344
9
250
0 95
1 18
1 53
1 73
2 14
2 33
2 141
3 167
3 215
4 151
4 225
5 28
5 110
5 149
5 169
5 197
6 45
6 104
6 125
6 156
6 218
6 239
7 18
7 82
8 31
8 59
8 80
8 123
8 207
9 18
9 51
9 58
9 194
9 219
10 56
11 148
11 206
12 28
12 49
13 235
14 149
14 160
14 170
14 202
14 223
15 35
17 183
18 26
18 116
18 227
19 129
20 47
20 178
21 143
21 153
21 157
22 118
23 67
24 171
24 230
24 232
26 174
27 137
27 160
28 40
29 60
30 85
30 216
30 233
30 244
32 102
32 145
33 121
33 139
33 197
35 39
36 154
36 160
37 41
37 97
37 106
37 119
37 127
37 134
37 173
37 196
37 247
38 41
38 121
39 242
40 158
41 87
41 198
42 221
42 240
43 51
43 153
45 85
45 215
46 93
46 97
46 180
46 239
48 119
48 211
49 110
49 164
50 63
50 147
50 151
52 173
52 207
52 209
53 110
53 115
53 159
53 165
54 126
54 235
55 155
55 224
56 90
56 94
56 186
56 191
56 209
57 100
57 123
57 221
57 228
59 186
59 193
60 162
61 109
61 188
62 139
63 75
63 96
64 234
65 175
65 179
67 95
67 153
68 159
68 236
69 72
69 88
69 108
69 169
69 174
69 207
69 236
70 73
70 185
71 96
71 152
71 178
72 202
73 163
74 101
75 142
75 217
78 134
78 156
78 203
78 219
79 148
79 202
79 230
80 145
80 148
82 163
82 171
83 93
83 189
84 143
85 232
86 160
86 166
86 210
87 175
87 229
87 245
88 108
88 144
89 114
89 162
90 194
91 100
91 108
91 142
91 186
92 222
93 205
93 242
94 119
95 96
95 195
95 213
96 109
96 119
97 211
98 212
101 150
102 132
102 175
102 211
102 216
102 223
103 119
104 167
105 163
105 203
106 202
106 220
107 119
109 169
109 199
109 208
109 234
111 138
112 135
112 203
112 210
113 204
114 131
114 140
114 145
114 155
115 120
117 160
117 171
117 190
117 209
118 165
119 163
119 168
119 220
120 124
120 147
120 173
123 214
124 149
127 219
128 150
129 135
129 151
129 194
129 212
129 230
129 248
131 157
131 192
131 207
131 233
133 147
133 210
134 146
134 185
134 233
135 190
135 206
136 220
137 233
138 145
138 160
138 232
140 143
142 224
143 165
143 186
143 248
146 172
146 241
147 202
147 216
149 164
150 225
152 193
152 233
156 236
159 241
160 175
160 221
161 192
162 204
162 234
163 180
165 207
165 233
166 205
167 184
167 202
169 186
170 174
170 184
170 229
172 246
173 239
174 216
175 220
176 220
176 228
177 185
179 240
180 232
182 245
184 231
184 232
185 197
185 244
186 224
188 231
188 242
189 227
189 233
191 245
191 248
192 206
203 232
208 244
209 239
215 216
221 224
226 227
0
1
2
3
4
5
6
7
8
9
10
11
12
13
14
15
16
17
18
19
20
21
22
23
24
25
26
27
28
29
30
31
32
33
34
35
36
37
38
39
40
41
42
43
44
45
46
47
48
49
50
51
52
53
54
55
56
57
58
59
60
61
62
63
64
65
66
67
68
69
70
71
72
73
74
75
76
77
78
79
80
81
82
83
84
85
86
87
88
89
90
91
92
93
94
95
96
97
98
99
100
101
102
103
104
105
106
107
108
109
110
111
112
113
114
115
116
117
118
119
120
121
122
123
124
125
126
127
128
129
130
131
132
133
134
135
136
137
138
139
140
141
142
143
144
145
146
147
148
149
150
151
152
153
154
155
156
157
158
159
160
161
162
163
164
165
166
167
168
169
170
171
172
173
174
175
176
177
178
179
180
181
182
183
184
185
186
187
188
189
190
191
192
193
194
195
196
197
198
199
200
201
202
203
204
205
206
207
208
209
210
211
212
213
214
215
216
217
218
219
220
221
222
223
224
225
226
227
228
229
230
231
232
233
234
235
236
237
238
239
240
241
242
243
244
245
246
247
248
249
